1.115226573
1.115226575
1.115226577
1.115226579
1.115226581
1.115226588
1.115226590
1.115226592
1.115226594
1.115226596
1.115227773
1.115227775
1.115227777
1.115227779
1.115227781
1.115234615
1.115234617
1.115234619
1.115234621
1.115234623
1.115246820
1.115246822
1.115246824
1.115246826
1.115246828
1.115246830
1.115246832
1.115246839
1.115246841
1.115246843
1.115246845
1.115246847
1.115246849
1.115246851
1.115253161
1.115253163
1.115253165
1.115253167
1.115253169
1.115253171
1.115253173
1.115253177
1.115253179
1.115253181
1.115253183
1.115253185
1.115253187
1.115253736
1.115253738
1.115253740
1.115253742
1.115253744
1.115253746
1.115253748
1.115258214
1.115258216
1.115258218
1.115258220
1.115258222
1.115258224
1.115258226
1.115258228
1.115258230
1.115258232
1.115258234
1.115258236
1.115258238
1.115258242
1.115258244
1.115258246
1.115258248
1.115258250
1.115258252
1.115258254
1.115273087
1.115273089
1.115273091
1.115273093
1.115273095
1.115273097
1.115273117
1.115273119
1.115273121
1.115273123
1.115273125
1.115273127
1.115273129
1.115273133
1.115273135
1.115273137
1.115273139
1.115273141
1.115273143
1.115273145
1.115282629
1.115282631
1.115282633
1.115282635
1.115282637
1.115282639
1.115282641
1.115282659
1.115282661
1.115282663
1.115282665
1.115282667
1.115282669
1.115282671
1.115286380
1.115286382
1.115286384
1.115286386
1.115286388
1.115286390
1.115296759
1.115296761
1.115296763
1.115296765
1.115296767
1.115296769
1.115296807
1.115296809
1.115296811
1.115296813
1.115296815
1.115296817
1.115296839
1.115296841
1.115296853
1.115296855
1.115296857
1.115296859
1.115296861
1.115296863
1.115310690
1.115310692
1.115310694
1.115310696
1.115340110
1.115340112
1.115340114
1.115340116
1.115340124
1.115340126
1.115340128
1.115340130
1.115340140
1.115340142
1.115340144
1.115340146
1.115340154
1.115340156
1.115340158
1.115340160
1.115354535
1.115354537
1.115354539
1.115354541
1.115354543
1.115354545
1.115354547
1.115354549
1.115354551
1.115354553
1.115354555
1.115354557
1.115354559
1.115354561
1.115354563
1.115361617
1.115361619
1.115361621
1.115361623
1.115361625
1.115361627
1.115361809
1.115361811
1.115361813
1.115361815
1.115361817
1.115361819
1.115361821
1.115361825
1.115361827
1.115361829
1.115361831
1.115361833
1.115361835
1.115361837
1.115369725
1.115369727
1.115369729
1.115369731
1.115369733
1.115369735
1.115369744
1.115369746
1.115369748
1.115369750
1.115369752
1.115369754
1.115370279
1.115370281
1.115370424
1.115370426
1.115370428
1.115370430
1.115370432
1.115370434
1.115376133
1.115376135
1.115376137
1.115376139
1.115376141
1.115376143
1.115376145
1.115376175
1.115376177
1.115376179
1.115376181
1.115376183
1.115376185
1.115376515
1.115376517
1.115376519
1.115376521
1.115376523
1.115376525
1.115376527
1.115386299
1.115386301
1.115386303
1.115386305
1.115386307
1.115386309
1.115386311
1.115387109
1.115387111
1.115387113
1.115387115
1.115387117
1.115387119
1.115387121
1.115387124
1.115387126
1.115387128
1.115387130
1.115387132
1.115387134
1.115407700
1.115407702
1.115407704
1.115407706
1.115407708
1.115407710
1.115407985
1.115407995
1.115408005
1.115408009
1.115408011
1.115408013
1.115408015
1.115408017
1.115408019
1.115408021
1.115408023
1.115408025
1.115408788
1.115408790
1.115408792
1.115408794
1.115408796
1.115408821
1.115408823
1.115408825
1.115408827
1.115408829
1.115408831
1.115409128
1.115443049
1.115443051
1.115443053
1.115443055
1.115443057
1.115443337
1.115443339
1.115443341
1.115443343
1.115443345
1.115464374
1.115464376
1.115464378
1.115464380
1.115464382
1.115464384
1.115464386
1.115464469
1.115464471
1.115464473
1.115464475
1.115464477
1.115464479
1.115464481
1.115472820
1.115472822
1.115472824
1.115472826
1.115472828
1.115472830
1.115472832
1.115472835
1.115472837
1.115472839
1.115472841
1.115472843
1.115472845
1.115472847
1.115472849
1.115472851
1.115472853
1.115472855
1.115472857
1.115472859
1.115480955
1.115480957
1.115480959
1.115480961
1.115480963
1.115480965
1.115480986
1.115480988
1.115480990
1.115480992
1.115480994
1.115480996
1.115481002
1.115481004
1.115481006
1.115481008
1.115481010
1.115481012
1.115481437
1.115481439
1.115492307
1.115492309
1.115492311
1.115492313
1.115492315
1.115492317
1.115492326
1.115492328
1.115492330
1.115492332
1.115492334
1.115492336
1.115492341
1.115492343
1.115492345
1.115492347
1.115492349
1.115492351
1.115492547
1.115492549
1.115521301
1.115521304
1.115521306
1.115521309
1.115521311
1.115521313
1.115521315
1.115521317
1.115521445
1.115521447
1.115521449
1.115521451
1.115521453
1.115521455
1.115521493
1.115521495
1.115521497
1.115521499
1.115521501
1.115521503
1.115528809
1.115528811
1.115528813
1.115528815
1.115528817
1.115528819
1.115528823
1.115528825
1.115528827
1.115528829
1.115528831
1.115528833
1.115528835
1.115539143
1.115539145
1.115539147
1.115539149
1.115539151
1.115539187
1.115539189
1.115539191
1.115539193
1.115539195
1.115539903
1.115539905
1.115539907
1.115539909
1.115539911
1.115539913
1.115557756
1.115557758
1.115561933
1.115561935
1.115561937
1.115561939
1.115561993
1.115561995
1.115561997
1.115561999
1.115565928
1.115592726
1.115592728
1.115592730
1.115592732
1.115592734
1.115592736
1.115592738
1.115592742
1.115592744
1.115592746
1.115592748
1.115592750
1.115592752
1.115592757
1.115592759
1.115592761
1.115592763
1.115592765
1.115592767
1.115592769
1.115599532
1.115599534
1.115599536
1.115599538
1.115599540
1.115599542
1.115599544
1.115599549
1.115599551
1.115599553
1.115599555
1.115599557
1.115599559
1.115599583
1.115599585
1.115599587
1.115599589
1.115599591
1.115599593
1.115599595
1.115607628
1.115607630
1.115607632
1.115607634
1.115607636
1.115607638
1.115607645
1.115607647
1.115607649
1.115607651
1.115607653
1.115607662
1.115607664
1.115607666
1.115607668
1.115607670
1.115607672
1.115607678
1.115607680
1.115607682
1.115619694
1.115619696
1.115619698
1.115619700
1.115619702
1.115619704
1.115619706
1.115620163
1.115620165
1.115620167
1.115620169
1.115620171
1.115620173
1.115620175
1.115622391
1.115622393
1.115622395
1.115622397
1.115622399
1.115622401
1.115628670
1.115628687
1.115628689
1.115628691
1.115628693
1.115628695
1.115628697
1.115628706
1.115628708
1.115628710
1.115628712
1.115628714
1.115628716
1.115630450
1.115630452
1.115630454
1.115630456
1.115630458
1.115630460
1.115630465
1.115638177
1.115638179
1.115638181
1.115638183
1.115638185
1.115638187
1.115638189
1.115653689
1.115653691
1.115653693
1.115653695
1.115653697
1.115653699
1.115653701
1.115653862
1.115653864
1.115653866
1.115653868
1.115654768
1.115654770
1.115654772
1.115654774
1.115654776
1.115654778
1.115677158
1.115677176
1.115677180
1.115677182
1.115677233
1.115677235
1.115677237
1.115677258
1.115677260
1.115677262
1.115677264
1.115679134
1.115679136
1.115679138
1.115679140
1.115679142
1.115699933
1.115699935
1.115699937
1.115699939
1.115699941
1.115699943
1.115699945
1.115700103
1.115700105
1.115700107
1.115700109
1.115700111
1.115700113
1.115700115
1.115700117
1.115700119
1.115700121
1.115700123
1.115700125
1.115700127
1.115700129
1.115707831
1.115707833
1.115707835
1.115707837
1.115707839
1.115707841
1.115707843
1.115708162
1.115708164
1.115708166
1.115708168
1.115708170
1.115708172
1.115714855
1.115714857
1.115714859
1.115714861
1.115714863
1.115714865
1.115714867
1.115715025
1.115715027
1.115715029
1.115715031
1.115715033
1.115715035
1.115715037
1.115715065
1.115715067
1.115715069
1.115715071
1.115715073
1.115715075
1.115724278
1.115724280
1.115724282
1.115724284
1.115724286
1.115724288
1.115724290
1.115724295
1.115724297
1.115724299
1.115724301
1.115724303
1.115724305
1.115724312
1.115724314
1.115724316
1.115724318
1.115724320
1.115724322
1.115724324
1.115735401
1.115735403
1.115735405
1.115735407
1.115735409
1.115735411
1.115735413
1.115735428
1.115735430
1.115735432
1.115735434
1.115735436
1.115735438
1.115735440
1.115735483
1.115735485
1.115735487
1.115735489
1.115735491
1.115735493
1.115740010
1.115740012
1.115740014
1.115740016
1.115740018
1.115740020
1.115745247
1.115745249
1.115745251
1.115745253
1.115745255
1.115745579
1.115745582
1.115745585
1.115745588
1.115745592
1.115747898
1.115747900
1.115747902
1.115747904
1.115747906
1.115747908
1.115747910
1.115747917
1.115747919
1.115747921
1.115747923
1.115747925
1.115747927
1.115747929
1.115763457
1.115763459
1.115763461
1.115763463
1.115763465
1.115769590
1.115769592
1.115769594
1.115769596
1.115769598
1.115783092
1.115783094
1.115783096
1.115783098
1.115783100
1.115783102
1.115783104
1.115783109
1.115783111
1.115783113
1.115783115
1.115783117
1.115783119
1.115783121
1.115783123
1.115783125
1.115783127
1.115783129
1.115783131
1.115783133
1.115789897
1.115789899
1.115789901
1.115789903
1.115789905
1.115789907
1.115789909
1.115789943
1.115789945
1.115789947
1.115789949
1.115789951
1.115789953
1.115789959
1.115789961
1.115789963
1.115789965
1.115789967
1.115789969
1.115789971
1.115796673
1.115796675
1.115796677
1.115796679
1.115796681
1.115796683
1.115796685
1.115796708
1.115796710
1.115796712
1.115796714
1.115796716
1.115796718
1.115796732
1.115796734
1.115796736
1.115796738
1.115796740
1.115796742
1.115796744
1.115812450
1.115812452
1.115812454
1.115812456
1.115812458
1.115812460
1.115812462
1.115812464
1.115812466
1.115812468
1.115812470
1.115812472
1.115812474
1.115812480
1.115812482
1.115812484
1.115812486
1.115812488
1.115812490
1.115812492
1.115819675
1.115819677
1.115819679
1.115819681
1.115819683
1.115819685
1.115819687
1.115819696
1.115819698
1.115819700
1.115819702
1.115819704
1.115819706
1.115819713
1.115819715
1.115819717
1.115819719
1.115819721
1.115819723
1.115819725
1.115844348
1.115844350
1.115844352
1.115844354
1.115844356
1.115844358
1.115844360
1.115844438
1.115844440
1.115844442
1.115844444
1.115844446
1.115844448
1.115844487
1.115844489
1.115844491
1.115844493
1.115844495
1.115844497
1.115844499